activity_reg_hoyer_strength: 2.6244807242474337e-05
activity_reg_hoyer_strength_qat: 0.0015643915309023002
activity_reg_type: hoyer
aug_enabled: true
aug_freq_mask_param: 3
aug_time_mask_param: 15
aug_time_shift_max_ms: 50
batch_size: 64
classifier_head: pointwise_conv
dropout_final: 0.47679905867029154
dropout_initial: 0.14817491146785844
epochs_float: 30
epochs_qat: 25
filters: 64
lr_float: 0.00484459418685467
lr_qat: 0.00042003858622879746
qat_activity_reg_scale: 1.0
seed: 111
warmup_fraction: 0.1
weight_decay: 3.176859846184903e-05
